#----- cenatav database handwritten_text information --------------------------------#
#
# format: 000-S1-A049 449 801 1890 1489
#
#     000-S1-A049       -> handwritten_text id
#                             000 : writer 000
#                             S1  : section 1
#                             A049: topic A, paragraph 049
#
#     449 801 1890 1489 -> bounding box around this handwritten_text in x,y,w,h format
#
000-S1-A049 449 801 1890 1489 
000-S1-B094 479 706 1801 954 
000-S1-D090 461 711 1786 1120 
000-S2-A044 461 833 1885 1320 
000-S2-C021 468 707 1826 772 
000-S2-E032 477 709 1886 983 
001-S1-A097 456 811 2013 1518 
001-S1-B006 443 809 1990 1394 
001-S1-D056 315 810 1955 1093 
001-S2-A059 450 790 1938 1267 
001-S2-C015 328 824 2004 1135 
001-S2-E068 408 800 2050 848 
002-S1-A053 407 945 2058 1493 
002-S1-B019 423 690 1934 997 
002-S1-D095 452 798 1903 1387 
002-S2-A093 424 895 1935 1916 
002-S2-C067 410 897 1882 1574 
002-S2-E077 399 782 1990 1257 
003-S1-A005 363 948 2110 1933 
003-S1-B085 433 711 1972 1199 
003-S1-D003 457 710 1923 1239 
003-S2-A089 179 1057 2371 2130 
003-S2-C020 379 798 1821 1346 
003-S2-E018 415 697 1802 1092 
004-S1-A033 360 807 1981 1473 
004-S1-B054 368 699 2022 1235 
004-S1-D092 446 683 1959 998 
004-S2-A048 341 798 2074 1511 
004-S2-C058 333 768 2068 1182 
004-S2-E039 385 653 1937 905 
005-S1-A065 414 805 1953 1850 
005-S1-B022 313 835 2171 2169 
005-S1-D058 402 615 2023 1481 
005-S2-A066 266 872 2269 1770 
005-S2-C004 333 651 2092 1300 
005-S2-E086 338 667 2135 1408 
006-S1-A062 355 774 2067 2328 
006-S1-B003 311 842 2103 2192 
006-S1-D035 436 661 1942 1187 
006-S2-A013 313 648 2107 1346 
006-S2-C072 326 650 2077 1450 
006-S2-E009 354 769 2042 1411 
007-S1-A051 363 836 2184 1749 
007-S1-B030 505 615 1798 874 
007-S1-D072 479 598 1821 758 
007-S2-A011 451 769 1967 1547 
007-S2-C086 375 674 1876 1282 
007-S2-E042 458 659 1937 969 
008-S1-A038 341 715 2157 1514 
008-S1-B010 169 574 2379 1239 
008-S1-D000 255 621 2241 1189 
009-S1-A061 301 812 2029 2043 
009-S1-B081 345 607 1998 1011 
009-S1-D096 330 682 2133 1085 
010-S1-A045 332 826 2080 1972 
010-S1-B057 284 741 2260 1748 
010-S1-D046 308 626 2104 1043 
010-S2-A041 330 823 2108 1967 
010-S2-C076 316 607 2084 1045 
010-S2-E085 473 598 1759 1041 
011-S1-A074 339 844 2209 1729 
011-S1-B096 404 660 2144 1046 
011-S1-D098 326 706 1976 1217 
012-S1-A027 439 1008 1672 1850 
012-S1-B024 370 650 1892 1092 
012-S1-D025 451 668 1736 1065 
013-S1-A064 41 893 2506 1687 
013-S1-B083 314 679 2136 766 
013-S1-D069 201 677 2004 1013 
014-S1-A017 271 790 2276 1114 
014-S1-B029 93 648 2432 1197 
014-S1-D050 276 680 2276 935 
014-S2-A088 416 754 1846 1629 
014-S2-C037 442 645 1783 959 
014-S2-E026 365 704 2031 1156 
015-S1-A036 434 716 1985 1262 
015-S1-B070 450 801 1773 932 
015-S1-D073 435 689 1825 1057 
015-S2-A035 423 794 2010 1700 
015-S2-C047 456 666 1879 958 
015-S2-E094 436 670 1998 823 
016-S1-A087 341 834 2195 2041 
016-S1-B002 365 802 2183 1949 
016-S1-D067 303 603 2173 966 
016-S2-A023 327 670 2112 1195 
016-S2-C082 339 661 2102 887 
016-S2-E056 395 685 1982 1060 
017-S1-A012 427 781 1930 1522 
017-S1-B044 464 730 1707 1054 
017-S1-D057 488 621 1910 822 
018-S1-A079 314 891 2041 2181 
018-S1-B059 410 716 1776 1603 
018-S1-D076 302 699 2064 1206 
018-S2-B097 447 731 1737 1792 
018-S2-C006 488 654 1679 1258 
018-S2-E099 472 682 1761 1477 
019-S1-A032 447 679 2097 1435 
019-S1-B093 335 777 2147 2049 
019-S1-D031 416 616 2087 1327 
019-S2-B053 367 683 2030 1297 
019-S2-C019 460 657 2088 1232 
019-S2-E007 450 690 2098 1286 
020-S1-A068 234 1023 2237 1890 
020-S1-B089 308 725 2083 1003 
020-S1-D021 345 649 2195 967 
021-S1-A077 303 848 2075 1473 
021-S1-B048 386 690 2086 890 
021-S1-D015 374 705 1793 949 
022-S1-A018 393 723 2028 1692 
022-S1-B066 334 727 2091 1630 
022-S1-D020 321 676 2148 1464 
023-S1-A039 448 677 1984 962 
023-S1-B013 398 683 1971 981 
023-S1-D004 408 749 2025 973 
024-S1-A084 263 831 2184 971 
024-S1-B011 104 787 2440 1319 
024-S1-D070 309 716 2082 791 
025-S1-A009 274 672 2095 1235 
025-S1-B090 353 674 2111 1438 
025-S1-D084 409 671 2004 1213 
026-S1-A042 389 673 1806 1100 
026-S1-B016 336 715 1927 1606 
026-S1-D014 449 676 1742 1542 
027-S1-A060 332 767 2078 1468 
027-S1-B041 365 664 1994 1026 
027-S1-D044 319 786 2024 1781 
029-S1-A080 291 802 2134 1571 
029-S1-B043 291 804 2181 1489 
029-S1-D034 312 689 2135 764 
030-S1-A091 441 894 1705 1632 
030-S1-B063 453 720 1686 1049 
030-S1-D028 454 699 1647 925 
031-S1-A055 376 723 1751 1414 
031-S1-B088 415 679 1756 1188 
031-S1-D086 302 614 2011 1137 
032-S1-A040 289 891 2011 2239 
032-S1-B035 453 673 1662 1680 
032-S1-D099 306 688 2117 1388 
033-S1-A026 23 885 2516 1370 
033-S1-B023 120 784 2397 1034 
033-S1-D043 64 745 2459 805 
034-S1-A092 415 869 1781 1646 
034-S1-C049 407 610 1748 840 
034-S1-D081 421 657 1719 819 
036-S1-A100 306 780 1963 1901 
036-S1-C053 417 692 1835 1024 
036-S1-D037 423 662 1768 1242 
037-S1-A007 330 722 2222 1834 
037-S1-C005 388 602 2004 1374 
037-S1-D083 359 592 2022 1154 
081-S1-A083 319 918 2007 2184 
081-S1-C069 354 730 1769 1070 
081-S1-E036 311 623 2011 1027 
081-S2-B095 349 753 1897 1206 
081-S2-D089 373 777 1891 875 
081-S2-E008 313 616 2116 1165 
083-S1-A070 332 1035 2021 2262 
083-S1-C078 358 708 2111 1355 
083-S1-E012 264 729 2142 1657 
083-S2-B047 331 850 2191 2152 
083-S2-D040 330 744 2218 1622 
083-S2-E063 299 602 2249 1357 
084-S1-A002 328 735 2032 1079 
084-S1-C031 327 584 1993 794 
084-S1-E079 348 784 2049 1040 
084-S2-B082 369 726 1974 903 
084-S2-D026 333 762 1932 1082 
084-S2-E030 335 731 1976 1368 
087-S1-A122 339 1048 1986 1899 
087-S1-B147 394 763 1849 904 
087-S1-D316 343 763 2033 1179 
087-S2-A103 406 835 1865 1016 
087-S2-C151 353 819 1916 1476 
087-S2-E330 325 777 1960 1328 
107-S1-A260 354 886 1908 1207 
107-S1-B163 357 758 1854 1049 
107-S1-D278 362 871 1930 1090 
107-S2-A364 368 861 1905 905 
107-S2-C421 364 881 1918 1167 
107-S2-E267 374 849 1880 957 
108-S1-A152 380 865 1865 1223 
108-S1-B229 352 713 1814 1057 
108-S1-D340 347 758 1880 904 
108-S2-A402 341 742 1963 776 
108-S2-C221 390 857 1913 1084 
108-S2-E364 332 722 2063 953 
110-S1-A271 352 851 2128 1082 
110-S1-B138 287 749 2263 921 
110-S1-D309 334 846 2216 967 
110-S2-A236 356 877 2087 1047 
110-S2-C429 343 891 2128 1065 
110-S2-E159 348 871 2202 1070 
114-S1-A283 350 737 1868 919 
114-S1-B183 376 749 1890 1144 
114-S1-D393 357 855 1887 1059 
114-S2-A357 350 884 1893 1179 
114-S2-C323 354 891 1938 1029 
114-S2-E377 348 740 1898 1000 
117-S1-A414 360 865 1895 1045 
117-S1-B304 373 872 1868 1072 
117-S1-D106 357 756 1898 1163 
117-S2-A274 362 906 1879 1632 
117-S2-C154 354 899 1873 1486 
117-S2-E242 369 1037 1902 1750 
118-S1-A206 329 865 2123 1065 
118-S1-B218 318 842 2134 1218 
118-S1-D417 342 806 2127 1118 
118-S2-A358 347 888 2094 1170 
118-S2-C116 320 740 2095 1176 
118-S2-E156 386 886 1871 1203 
119-S1-A384 352 895 1940 1165 
119-S1-B377 366 862 1899 934 
119-S1-D323 380 869 1870 1334 
119-S2-A394 355 749 1895 872 
119-S2-C142 341 751 1885 847 
119-S2-E350 356 893 1934 1195 
120-S1-A445 324 856 1973 1223 
120-S1-B220 347 844 1956 1091 
120-S1-D347 294 760 2021 1019 
120-S2-A170 341 860 1910 1198 
120-S2-C383 353 874 1904 1356 
120-S2-E380 339 874 2004 1344 
127-S1-A149 371 877 1956 1067 
127-S1-B201 362 758 1881 723 
127-S1-D377 327 753 1900 1140 
127-S2-A209 299 874 2098 1551 
127-S2-C105 313 828 2014 1102 
127-S2-E256 344 832 1864 1428 
128-S1-A306 227 797 2282 733 
128-S1-B130 236 692 2197 681 
128-S1-D342 268 724 2227 817 
128-S2-A160 222 786 2289 1096 
128-S2-C247 240 746 2190 1077 
128-S2-E353 259 776 2223 1105 
129-S1-A102 276 886 2219 838 
129-S1-B159 273 751 2197 522 
129-S1-D109 260 695 2289 467 
129-S2-A430 261 754 2248 579 
129-S2-C420 288 738 2118 620 
129-S2-E202 282 689 2197 441 
130-S1-A354 185 716 2365 715 
130-S1-B292 164 716 2385 733 
130-S1-D452 79 714 2429 658 
130-S2-A239 4 851 2500 1035 
130-S2-C232 44 795 2506 1046 
130-S2-E185 0 759 2550 900 
131-S1-A272 264 716 2101 881 
131-S1-B429 269 716 2183 952 
131-S1-D105 270 678 2063 746 
131-S2-A321 287 811 2263 1208 
131-S2-C181 276 808 2273 1208 
131-S2-E251 152 803 2398 1155 
133-S1-A268 117 792 2433 1054 
133-S1-B423 138 750 2412 880 
133-S1-D414 203 722 2347 837 
133-S2-A138 87 924 2463 1638 
133-S2-C201 117 765 2433 1097 
133-S2-E178 136 770 2414 1182 
134-S1-A134 278 798 2206 650 
134-S1-B244 249 806 2238 808 
134-S1-D447 167 833 2260 608 
134-S2-C332 273 786 2194 1015 
134-S2-E381 253 842 2234 1151 
135-S1-A199 233 749 2164 789 
135-S1-B175 290 724 2003 622 
135-S1-D317 285 776 2176 967 
135-S2-A335 266 761 2064 986 
135-S2-C186 307 778 2089 1063 
135-S2-E403 314 764 2171 909 
136-S1-A392 73 779 2477 986 
136-S1-B205 26 684 2524 729 
136-S1-D403 98 719 2419 916 
136-S2-A162 93 735 2393 881 
136-S2-C391 58 716 2492 790 
136-S2-E314 55 659 2435 755 
140-S1-A380 166 805 2384 1373 
140-S1-B351 196 722 2354 1034 
140-S1-D273 231 732 2305 973 
140-S2-A295 207 803 2343 1038 
140-S2-C103 188 732 2354 1063 
140-S2-E272 199 765 2316 1051 
142-S1-A148 343 747 1996 1029 
142-S1-B192 355 851 1932 1353 
142-S1-D239 320 740 2156 1458 
142-S2-A156 378 841 1997 1959 
142-S2-C298 350 861 2028 1502 
142-S2-E225 394 836 1874 1542 
143-S1-A143 304 807 2246 1285 
143-S1-B430 342 749 2201 1241 
143-S1-D208 291 705 2248 1567 
143-S2-A404 241 747 2307 1356 
143-S2-C253 332 851 2211 1482 
143-S2-E121 350 795 2130 1326 
146-S1-A352 325 823 2183 1027 
146-S1-B261 351 823 2139 949 
146-S1-D369 287 817 2263 1276 
146-S2-A205 303 851 2141 1260 
146-S2-C269 382 820 2049 973 
146-S2-E297 363 856 2046 958 
151-S1-A165 283 1016 2052 1344 
151-S1-B104 348 866 1961 809 
151-S1-D177 313 726 1957 801 
151-S2-A450 282 750 2134 860 
151-S2-C390 349 884 1949 1081 
151-S2-E417 376 849 1838 945 
152-S1-A413 301 867 2056 1362 
152-S1-B161 365 849 1915 1396 
152-S1-D189 332 844 2062 1512 
152-S2-A293 352 712 2019 1172 
152-S2-C163 319 835 1991 1355 
152-S2-E283 380 845 2000 1277 
155-S1-A420 434 1039 1993 896 
155-S1-B273 469 1033 1904 1158 
155-S1-D296 455 1081 1753 1070 
155-S2-B299 255 786 2260 735 
155-S2-E278 315 795 2233 763 
158-S1-A329 378 798 2172 1003 
158-S1-B114 352 712 2175 732 
158-S1-D110 269 788 2228 875 
159-S1-A396 429 858 1891 1093 
159-S2-C183 327 755 1977 1022 
159-S2-E174 427 823 1942 1495 
160-S1-A453 414 811 2035 827 
160-S1-B237 425 833 1941 862 
160-S1-D290 380 829 1911 1115 
160-S2-B350 420 840 1972 772 
160-S2-C231 446 839 1967 963 
160-S2-E384 411 821 2007 998 
161-S1-D310 348 833 2137 1498 
161-S2-B309 339 779 2132 826 
161-S2-C435 343 888 2124 719 
161-S2-E413 375 844 2084 1021 
162-S1-A225 385 786 1806 590 
162-S1-B356 401 781 1768 621 
162-S2-E164 422 789 1729 771 
163-S1-A250 420 1086 1781 1020 
163-S1-B156 472 1080 1797 703 
163-S1-D289 402 1280 1891 808 
163-S2-B346 410 1183 1805 823 
163-S2-C141 414 1291 1832 776 
163-S2-E363 492 1052 1782 871 
209-S1-A145 307 732 2135 782 
209-S1-C363 260 732 2084 784 
209-S1-D368 274 778 2130 1071 
209-S2-B148 169 735 2203 900 
209-S2-C243 182 797 2175 985 
209-S2-E342 204 797 2202 1147 
212-S1-A310 165 896 2208 1053 
212-S1-C257 254 941 2149 1008 
212-S1-D356 284 974 2045 764 
212-S2-B362 253 855 2178 902 
212-S2-C326 245 780 2156 944 
212-S2-E347 272 760 2183 797 
218-S1-A280 255 908 2231 935 
218-S1-C173 248 860 2253 865 
218-S1-D455 223 843 2281 861 
218-S2-B389 191 789 2261 904 
218-S2-C274 338 821 2047 657 
218-S2-E336 385 914 2148 788 
219-S1-A332 267 700 2152 613 
219-S1-C246 200 1031 2157 969 
219-S1-D451 192 1129 2274 493 
219-S2-B402 295 1130 2127 559 
219-S2-C115 192 805 2267 687 
219-S2-E419 101 774 2402 858 
220-S1-A113 270 762 2041 1051 
220-S1-C426 273 711 2092 870 
220-S1-D212 246 762 2109 975 
220-S2-B249 284 730 2068 792 
220-S2-C223 279 703 2127 827 
220-S2-E371 292 741 2125 997 
221-S1-A311 392 800 1981 965 
221-S1-C150 292 746 2138 808 
221-S1-D186 360 759 1957 929 
221-S2-B329 338 829 1975 897 
221-S2-C337 383 864 1869 1067 
221-S2-E157 407 883 2007 1190 
223-S1-A377 155 916 2354 1060 
223-S1-C230 236 811 2246 1105 
223-S1-D357 152 665 2330 1019 
223-S2-B433 119 943 2330 1152 
223-S2-C311 163 919 2386 1081 
223-S2-E257 207 870 2300 1365 
224-S1-A238 190 759 2360 949 
224-S1-C374 179 838 2365 986 
224-S1-D298 171 819 2379 1057 
224-S2-B264 182 915 2234 1066 
224-S2-C267 167 907 2341 1102 
224-S2-E243 133 844 2374 1012 
225-S1-A390 152 834 2349 1247 
225-S1-C410 160 809 2308 1286 
225-S1-D345 144 711 2349 835 
225-S2-B225 149 727 2362 1178 
225-S2-C399 208 771 2238 1107 
225-S2-E212 136 743 2351 1160 
226-S1-A276 187 871 2259 1278 
226-S1-C177 265 935 2152 1276 
226-S1-D295 244 930 2165 1216 
226-S2-B250 173 881 1941 1449 
226-S2-C207 227 740 2187 1287 
226-S2-E318 252 778 2108 1306 
227-S1-A120 327 973 2057 1151 
227-S1-C260 355 957 2195 1129 
227-S1-D444 338 946 2035 668 
227-S2-B196 260 754 2075 573 
227-S2-C170 286 751 2123 611 
227-S2-E332 252 741 2148 764 
228-S1-A108 314 941 2062 1145 
228-S1-C152 345 761 1945 766 
228-S1-D291 261 909 2103 841 
228-S2-B198 355 921 1973 698 
228-S2-C320 282 908 2129 851 
228-S2-E388 303 876 2068 735 
229-S1-A421 444 786 1948 1030 
229-S1-C139 325 679 2013 889 
229-S1-D215 395 695 1997 756 
229-S2-B197 287 835 2150 749 
229-S2-C296 341 806 2078 637 
229-S2-E276 338 832 2006 784 
232-S1-A446 324 805 2176 969 
232-S1-C388 295 827 2238 1027 
232-S1-D216 206 857 2286 775 
232-S2-B223 303 784 2100 921 
232-S2-C129 346 816 2125 876 
232-S2-E193 349 907 2049 1061 
233-S1-A381 322 846 2228 1249 
233-S1-C153 278 771 2166 897 
233-S1-D294 326 856 2178 897 
233-S2-B119 318 686 2232 852 
233-S2-C136 226 700 2324 1214 
233-S2-E408 263 799 2184 931 
234-S1-A132 290 841 2237 1051 
234-S1-C283 292 751 2198 995 
234-S1-D121 265 746 2065 1092 
234-S2-B124 222 792 2284 897 
234-S2-C205 246 770 2252 962 
234-S2-E368 217 814 2302 1162 
235-S1-A202 262 826 2265 1328 
235-S1-C324 257 837 2292 1490 
235-S1-D218 236 782 2314 996 
235-S2-B275 336 798 2195 1209 
235-S2-C104 336 839 2214 972 
235-S2-E264 258 844 2237 1241 
249-S1-A325 325 888 2081 857 
249-S1-C354 370 888 2022 1158 
249-S1-D313 328 858 2209 706 
249-S2-B276 295 847 2197 1062 
249-S2-C303 290 1004 2260 1490 
249-S2-E221 267 868 2264 1350 
250-S1-A275 267 1030 2022 1052 
250-S1-C272 267 1039 2025 1052 
250-S1-D159 301 1014 2039 1201 
250-S2-B202 280 847 2111 1067 
250-S2-C318 295 1027 2030 1170 
250-S2-E385 264 987 2133 925 
251-S1-A297 301 1021 2218 1485 
251-S1-C226 328 1005 2222 1213 
251-S1-D400 325 1001 2225 1351 
251-S2-B316 328 1027 2121 1334 
251-S2-C261 379 1022 2021 1513 
251-S2-E298 372 872 2067 910 
252-S1-A241 384 819 1899 1087 
252-S1-C268 350 836 2036 1381 
252-S1-D229 404 809 2078 1127 
252-S2-B282 380 979 1941 1104 
252-S2-C124 370 971 1976 1268 
252-S2-E241 389 934 2099 1141 
253-S1-A210 382 1021 1910 1652 
253-S1-C134 377 980 2021 1524 
253-S1-D225 368 834 2068 1105 
253-S2-B236 351 1017 2020 1235 
253-S2-C416 361 1010 2029 1655 
253-S2-E190 357 1013 1943 1363 
254-S1-A431 330 991 2070 1416 
254-S1-C199 349 837 2075 1258 
254-S1-D170 346 840 2089 1272 
254-S2-B172 341 928 2113 1327 
254-S2-C365 351 941 2199 1313 
254-S2-E130 286 952 2182 1430 
255-S1-A423 325 964 1919 965 
255-S1-C215 350 970 1892 947 
255-S1-D277 304 980 1948 793 
255-S2-B357 319 964 1915 951 
255-S2-C413 323 974 1891 1112 
255-S2-E344 339 958 1894 1131 
256-S1-A366 330 830 1962 1111 
256-S1-C224 353 984 2043 987 
256-S1-D374 307 980 1919 935 
256-S2-B427 347 758 2017 870 
256-S2-C194 352 860 2068 1077 
256-S2-E382 389 897 1969 1170 
257-S1-A119 269 1011 2281 1514 
257-S1-C174 345 995 2205 1515 
257-S1-D101 326 863 2224 1343 
257-S2-B162 316 845 2124 1093 
257-S2-C278 286 957 2156 1279 
257-S2-E233 320 968 2169 1445 
258-S1-A319 273 848 2161 1565 
258-S1-C380 267 818 2179 1400 
258-S1-D335 298 833 2051 1388 
258-S2-B319 279 834 2080 1391 
258-S2-C370 319 742 2045 885 
258-S2-E220 309 888 2073 1469 
259-S1-A452 248 852 2247 1160 
259-S1-C331 268 830 2198 991 
259-S1-D183 281 821 2132 1081 
259-S2-B415 278 840 2131 1118 
259-S2-C436 264 876 2203 1354 
259-S2-E322 336 843 2134 1212 
261-S1-A179 350 1023 1919 1053 
261-S1-C143 336 877 1956 749 
261-S1-D203 367 1027 1832 1043 
275-S1-A441 316 968 2041 1251 
275-S1-C264 309 969 2026 1135 
275-S1-D154 317 924 2020 1205 
276-S1-A247 345 903 2150 1300 
276-S1-C225 371 891 2060 1023 
276-S1-D242 340 870 2086 1050 
277-S1-A398 323 776 1958 1173 
277-S1-C250 330 796 1973 1114 
277-S1-D272 310 824 1905 1108 
277-S2-B407 307 816 1977 1005 
277-S2-D148 329 799 1942 1312 
277-S2-E327 370 797 1994 1538 
278-S1-A154 337 832 1966 1238 
278-S1-C196 370 827 1956 959 
278-S1-D435 352 673 1967 819 
278-S2-B327 327 694 1951 830 
278-S2-D416 334 818 1956 1222 
278-S2-E303 353 788 1930 1106 
279-S1-A116 322 844 1974 1821 
279-S1-C198 320 696 2049 1064 
279-S1-D202 322 747 2003 1023 
279-S2-B403 335 689 2028 1076 
279-S2-D228 338 730 1975 898 
279-S2-E346 343 696 2090 1350 
281-S1-A449 359 676 1972 1037 
281-S1-C118 333 1281 2012 899 
281-S1-D288 375 829 1979 1065 
281-S2-B417 370 815 1980 925 
281-S2-D408 375 657 1981 929 
281-S2-E209 376 796 2018 1218 
282-S1-A189 347 782 1961 1100 
282-S1-C402 325 665 2002 1244 
282-S1-D305 365 644 1918 963 
282-S2-B164 370 754 1970 1160 
282-S2-D175 370 758 1971 1282 
282-S2-E123 360 729 1982 1661 
283-S1-A237 287 672 2054 1286 
283-S1-C345 286 677 2055 1376 
283-S1-D373 280 656 2024 1104 
283-S2-B106 308 654 1953 1119 
283-S2-D258 326 684 1966 1166 
283-S2-E404 334 658 1964 1452 
284-S1-A166 348 834 1958 1235 
284-S1-C137 368 808 1950 1081 
284-S1-D433 355 820 1956 933 
284-S2-B289 352 804 1945 1076 
284-S2-D150 364 853 1930 1230 
284-S2-E203 359 818 1924 1226 
285-S1-A304 350 660 2200 1371 
285-S1-C147 357 705 2014 1644 
285-S1-D415 364 647 1997 950 
285-S2-B171 359 673 2075 915 
285-S2-D137 379 652 2077 1279 
285-S2-E162 371 665 1973 1259 
288-S1-A105 318 664 2232 812 
288-S1-C338 301 665 2001 1242 
288-S1-D397 322 551 2002 1060 
288-S2-B158 317 681 1982 1190 
288-S2-D386 324 681 1972 1226 
288-S2-E359 295 705 2024 1641 
289-S1-A342 352 797 1949 1153 
289-S1-C111 316 795 2019 1275 
289-S1-D205 328 793 2009 1607 
290-S1-A383 343 682 1984 1395 
290-S1-C438 328 695 2006 1496 
290-S1-D302 338 657 1973 1076 
292-S1-A232 366 851 1931 1211 
292-S1-C385 352 834 1940 1498 
292-S1-D122 327 870 1992 1470 
292-S2-B211 324 849 1973 1635 
292-S2-D261 320 829 1956 1333 
292-S2-E263 317 818 1974 1670 
293-S1-A181 327 854 1946 1016 
293-S1-C281 346 844 1951 1013 
293-S1-D267 325 873 1993 1031 
293-S2-B117 362 827 1935 949 
293-S2-D412 357 801 1953 971 
293-S2-E341 370 819 1962 1062 
294-S1-A308 304 696 2068 1234 
294-S1-C356 368 681 1982 907 
294-S1-D306 346 691 1991 1222 
294-S2-B127 341 687 1967 894 
294-S2-D204 329 698 2021 1104 
294-S2-E299 344 681 1959 787 
295-S1-A201 345 841 1940 1046 
295-S1-C314 344 835 1963 1097 
295-S1-D160 352 846 1998 1229 
295-S2-B414 326 807 2018 1101 
295-S2-D382 318 836 1942 1098 
295-S2-E140 329 829 1952 1219 
296-S1-A269 316 818 2048 1440 
296-S1-C240 361 804 1894 1090 
296-S1-D394 352 829 1941 1235 
296-S2-B280 349 822 1979 1108 
296-S2-D448 364 867 1894 1357 
296-S2-E400 358 876 1918 1350 
297-S1-A141 354 979 1996 1549 
297-S1-C276 312 822 2054 1251 
297-S1-D102 291 688 2061 1276 
297-S2-B300 348 810 2122 1398 
297-S2-D326 322 806 2068 1132 
297-S2-E120 325 673 2133 1439 
298-S1-A375 299 677 2003 1295 
298-S1-C202 326 666 2074 1298 
298-S1-D165 326 665 1994 1144 
298-S2-B113 343 668 1984 1139 
298-S2-D366 299 644 2033 1105 
298-S2-E294 333 657 2096 1292 
299-S1-A219 325 827 1983 932 
299-S1-C316 298 818 2019 942 
299-S1-D113 320 822 1991 948 
299-S2-B248 227 704 2034 937 
299-S2-D233 288 693 2044 922 
299-S2-E194 314 700 2038 1027 
300-S1-A451 326 813 1970 1088 
300-S1-C282 361 816 1911 1375 
300-S1-D338 322 824 1965 1403 
300-S2-B364 361 676 2026 951 
300-S2-D131 340 703 1960 932 
300-S2-E306 382 697 1910 1157 
301-S1-A417 304 783 2159 1123 
301-S1-C236 313 818 2039 1114 
301-S1-D387 311 801 2083 1264 
301-S2-B238 330 775 2107 1115 
301-S2-D380 285 656 2169 920 
301-S2-E196 329 811 2145 1135 
302-S1-A340 351 827 1958 1209 
302-S1-C172 349 839 1910 1258 
302-S1-D188 365 821 1963 1260 
302-S2-B373 362 626 2019 1138 
302-S2-D107 321 684 1970 979 
302-S2-E379 333 681 2070 1407 
303-S1-A438 319 992 2001 1720 
303-S1-C381 342 830 1948 1200 
303-S1-D359 336 828 1959 1411 
303-S2-B339 327 816 1984 1108 
303-S2-D147 337 832 1974 1252 
303-S2-E128 310 826 1964 1214 
304-S1-A136 279 857 2224 1079 
304-S1-C433 283 841 2071 931 
304-S1-D331 311 857 2043 1059 
305-S1-A163 299 970 1960 1290 
305-S1-C162 326 988 2035 986 
305-S1-D268 319 984 2032 822 
305-S2-B108 470 902 1802 849 
305-S2-D100 505 935 1745 796 
305-S2-E280 485 925 1779 874 
306-S1-A376 440 901 1807 790 
306-S1-C319 433 895 1811 944 
306-S1-D238 464 899 1779 815 
306-S2-B396 481 815 1780 672 
306-S2-D352 473 935 1800 905 
306-S2-E323 496 930 1788 925 
307-S1-A192 468 917 1837 933 
307-S1-C379 430 1049 1869 1372 
307-S1-D226 468 811 1719 972 
307-S2-B288 302 920 2098 1297 
307-S2-D270 327 973 2070 1239 
307-S2-E118 295 945 2125 1253 
308-S1-A175 446 924 1789 1144 
308-S1-C386 511 941 1659 978 
308-S1-D355 459 844 1766 857 
308-S2-B307 433 830 1775 878 
308-S2-D224 470 824 1768 1000 
308-S2-E144 481 835 1738 838 
309-S1-A244 448 940 1699 981 
309-S1-C275 483 960 1722 878 
309-S1-D450 500 951 1699 978 
309-S2-B426 465 950 1758 1107 
309-S2-D266 474 936 1755 902 
309-S2-E132 398 958 1827 1222 
310-S1-A432 460 1019 1922 1184 
310-S1-C252 428 1007 1987 1271 
310-S1-D136 460 876 1879 1205 
310-S2-B398 359 821 1985 1018 
310-S2-D132 386 838 1919 1105 
310-S2-E231 398 959 1923 1605 
311-S1-A223 281 825 2040 1232 
311-S1-C313 302 824 1957 1264 
311-S1-D364 310 972 2064 1403 
311-S2-B132 330 1000 1941 1333 
311-S2-D197 372 1015 1932 1318 
311-S2-E349 357 984 1967 1667 
312-S1-A216 387 1001 1854 1269 
312-S1-C209 394 1023 1944 1302 
312-S1-D339 355 1013 1865 1028 
312-S2-B342 349 1006 1897 1044 
312-S2-D390 347 996 1917 1277 
312-S2-E206 346 1133 1946 1553 
313-S1-A183 418 869 2058 944 
313-S1-C367 396 783 2131 666 
313-S1-D421 386 804 2164 700 
313-S2-B125 355 830 2173 785 
313-S2-D213 351 867 2110 1103 
313-S2-E361 340 821 2070 852 
314-S1-A327 315 812 1953 982 
314-S1-C342 367 949 1863 1403 
314-S1-D193 326 979 1902 1284 
314-S2-B361 317 973 1983 1478 
314-S2-D222 329 992 1944 1157 
314-S2-E357 374 825 1888 1143 
315-S1-A245 321 922 2015 1040 
315-S1-C217 332 976 2092 1090 
315-S1-D437 335 983 1985 1012 
315-S2-B302 328 957 1945 1004 
315-S2-D172 337 955 1951 1459 
315-S2-E331 333 948 1989 1458 
316-S1-A371 283 800 2028 1445 
316-S1-C228 260 806 2052 1438 
316-S1-D381 245 831 2052 1223 
316-S2-B347 295 831 2012 1079 
316-S2-D378 294 830 1981 947 
316-S2-E106 258 816 2072 1584 
317-S1-A229 217 806 2097 1158 
317-S1-C414 308 797 2009 1465 
317-S1-D257 301 817 1980 1488 
317-S2-B279 317 806 2006 1011 
317-S2-D329 327 806 1982 1005 
317-S2-E234 318 805 2016 1111 
318-S1-A170 283 816 2169 1385 
318-S1-C266 304 790 2112 1316 
318-S1-D192 249 782 2162 1171 
318-S2-B107 295 806 2205 1391 
318-S2-D146 261 836 2121 1274 
318-S2-E148 292 787 2118 1157 
319-S1-A296 304 770 1983 1100 
319-S1-C351 335 783 1991 946 
319-S1-D406 302 791 1972 944 
319-S2-B151 294 795 2000 762 
319-S2-D141 289 793 2023 1117 
319-S2-E310 289 805 1956 940 
320-S1-A397 297 980 1972 1082 
320-S1-C305 295 986 1936 923 
320-S1-D401 297 973 1966 1251 
320-S2-B393 285 832 2026 1115 
320-S2-D263 306 996 1948 1245 
320-S2-E158 320 971 1988 1269 
321-S1-A291 262 976 2157 1389 
321-S1-C193 255 982 2064 1611 
321-S1-D328 264 1143 2024 1712 
321-S2-B301 268 968 2071 1243 
321-S2-D360 288 989 2006 1380 
321-S2-E296 288 982 1993 1425 
322-S1-A208 276 972 1986 1235 
322-S1-C123 326 844 2028 1287 
322-S1-D237 272 992 2001 1138 
322-S2-B383 219 1000 2125 1419 
322-S2-D350 222 1007 2068 1125 
322-S2-E224 217 992 2040 1154 
323-S1-A347 314 980 1931 969 
323-S1-C185 290 992 1962 957 
323-S1-D158 307 981 1978 1088 
323-S2-B155 312 983 1927 806 
323-S2-D155 300 1130 1949 1268 
323-S2-E184 304 975 1988 1119 
324-S1-A270 320 985 1965 1581 
324-S1-C258 347 979 1962 1542 
324-S1-D126 326 973 2012 1297 
324-S2-B375 303 983 1995 1231 
324-S2-D254 319 980 1977 970 
324-S2-E172 299 970 1980 1579 
326-S1-A365 335 830 2170 668 
326-S1-C393 315 870 2033 883 
326-S1-D168 342 738 2071 560 
327-S1-A126 156 902 2368 1087 
327-S1-C334 173 800 2270 922 
327-S1-D427 249 734 2301 1503 
327-S2-B210 325 833 2068 1266 
327-S2-D163 305 841 2069 1413 
327-S2-E300 352 876 2067 1360 
328-S1-A312 422 943 1993 1233 
328-S1-C408 425 842 1962 850 
328-S1-D442 488 834 1846 812 
328-S2-B412 379 869 2033 1073 
328-S2-D439 387 873 2024 1223 
328-S2-E255 344 887 2000 1208 
329-S1-A144 469 782 1929 860 
329-S1-C187 341 800 2066 880 
329-S1-D407 345 808 2030 1002 
329-S2-B294 434 899 1865 1045 
329-S2-D410 453 909 1870 1015 
329-S2-E313 449 909 1904 932 
330-S1-A314 176 942 2374 1308 
330-S1-C423 237 799 2243 1133 
330-S1-D180 245 792 2202 965 
330-S2-B168 289 949 2261 944 
330-S2-D376 275 953 2106 1116 
330-S2-E391 280 941 2094 1405 
331-S1-A253 299 994 2004 922 
331-S1-C164 274 993 2015 964 
331-S1-D367 304 1003 1964 1069 
331-S2-B355 296 848 1945 957 
331-S2-D423 308 1006 1997 936 
331-S2-E293 314 998 2043 936 
332-S1-A130 0 887 2550 1353 
332-S1-C106 312 844 2198 804 
332-S1-D201 326 860 2224 899 
333-S1-A439 280 850 2270 1400 
333-S1-C289 326 849 2223 1400 
333-S1-D234 294 816 2255 1315 
333-S2-B284 315 808 2122 1313 
333-S2-D247 337 808 2078 1172 
333-S2-E210 341 819 2115 1249 
334-S1-A159 289 950 2130 1438 
334-S1-C171 270 962 2170 1278 
334-S1-D253 328 790 2037 1106 
334-S2-B179 345 797 2135 1004 
334-S2-D327 339 795 2030 907 
334-S2-E239 363 878 2187 1292 
335-S1-A307 296 819 2061 1383 
335-S1-C434 294 808 2255 1120 
335-S1-D426 342 797 2035 1445 
335-S2-B191 354 800 2162 1379 
335-S2-D399 338 925 2148 1157 
335-S2-E325 346 938 2115 1443 
336-S1-A231 297 814 2129 1256 
336-S1-C344 299 838 2097 1435 
336-S1-E301 317 826 2005 1379 
336-S2-B422 318 952 2154 1407 
336-S2-D456 296 975 2065 1308 
336-S2-E168 304 971 2085 1123 
337-S1-A188 336 874 2001 1127 
337-S1-C158 331 848 2219 1308 
337-S1-E319 301 837 2114 1202 
337-S2-B366 287 838 2140 1282 
337-S2-D262 252 946 2009 1089 
337-S2-E373 241 982 2259 1390 
338-S1-A399 293 810 2067 1715 
338-S1-C364 322 820 2035 1144 
338-S1-E124 279 839 2271 1230 
338-S2-B318 245 786 2235 1198 
338-S2-D223 288 822 2189 1273 
338-S2-E292 318 785 2138 1172 
339-S1-A356 297 862 2023 1257 
339-S1-C409 326 776 2122 1319 
339-S1-E236 295 819 2073 1305 
339-S2-B416 347 811 2087 1309 
339-S2-D248 370 968 2068 1154 
339-S2-E205 325 991 2098 1555 
340-S1-A337 310 728 1987 1338 
340-S1-C145 313 705 2028 1076 
340-S1-E365 331 690 1990 1072 
340-S2-B221 296 834 2189 1098 
340-S2-D194 269 865 2244 1211 
340-S2-E200 322 873 2082 1220 
341-S1-A353 315 688 2173 797 
341-S1-C315 280 733 2270 927 
341-S1-E352 315 713 2235 910 
341-S2-B112 378 792 1944 927 
341-S2-D196 307 765 1973 1013 
341-S2-E305 301 768 2095 954 
342-S1-A294 197 819 2353 1452 
342-S1-C211 232 689 2318 1228 
342-S1-E311 254 713 2295 1600 
342-S2-B259 318 706 2231 945 
342-S2-D195 293 692 2256 960 
342-S2-E138 310 704 2200 1018 
343-S1-A200 470 816 1830 1128 
343-S1-C117 505 822 1756 1121 
343-S1-E259 441 833 1975 1116 
343-S2-B424 325 846 1964 1245 
343-S2-D116 304 850 1973 950 
343-S2-E117 339 847 2051 1400 
344-S1-A177 222 995 2286 1246 
344-S1-C127 297 850 1996 925 
344-S1-E348 246 860 2227 981 
344-S2-B406 290 981 2159 1119 
344-S2-D418 291 824 2137 968 
344-S2-E269 284 842 2160 1096 
345-S1-A186 248 827 2080 1387 
345-S1-C415 293 841 2104 970 
345-S1-E287 258 839 2108 1153 
345-S2-B428 280 838 2089 1059 
345-S2-D343 265 849 2143 951 
345-S2-E182 257 814 2062 681 
346-S1-A278 311 686 2104 1225 
346-S1-C280 312 683 2116 1210 
346-S1-E402 306 681 2073 1265 
346-S2-B337 307 836 2009 1088 
346-S2-D135 301 827 2133 1265 
346-S2-E369 318 822 2197 1259 
347-S1-A377 283 846 2081 1369 
347-S1-C307 286 847 2013 1350 
347-S1-E215 291 838 1988 1261 
347-S2-B222 283 811 2095 1273 
347-S2-D145 281 839 2016 1234 
347-S2-E309 251 819 2141 1424 
348-S1-A348 365 834 2026 1082 
348-S1-C113 280 805 2270 1109 
348-S1-E362 300 828 2149 1077 
349-S1-A204 287 811 2183 1591 
349-S1-C248 275 814 2275 1567 
349-S1-E175 260 831 2271 1249 
349-S2-B154 250 684 2158 838 
349-S2-D176 254 812 2206 1240 
349-S2-E398 272 826 2278 1425 
350-S1-A110 282 678 2087 1087 
350-S1-C369 324 681 2018 1107 
350-S1-E248 273 715 2115 1363 
350-S2-B116 312 708 2047 1206 
350-S2-D119 327 686 2027 1094 
350-S2-E116 277 693 2116 931 
351-S1-A135 350 674 2200 1229 
351-S1-C238 266 682 2175 1606 
351-S1-E406 286 695 2180 1538 
351-S2-B142 292 851 2258 1532 
351-S2-D446 280 778 2243 1268 
351-S2-E207 220 824 2271 1435 
352-S1-A344 307 861 1978 952 
352-S1-C378 333 826 2068 1128 
352-S1-E152 307 829 2059 818 
352-S2-B378 307 976 2105 832 
352-S2-D300 317 973 2020 810 
352-S2-E367 329 980 2078 971 
353-S1-A313 329 677 1975 1246 
353-S1-C347 322 673 1998 1576 
353-S1-E232 304 671 1996 1236 
353-S2-B189 393 834 1757 859 
353-S2-D241 395 817 1949 876 
353-S2-E261 374 941 2070 965 
354-S1-A169 410 763 2120 1294 
354-S1-C120 354 788 2196 1422 
354-S1-E376 250 682 2263 1281 
354-S2-B166 304 832 2173 1569 
354-S2-D220 321 854 2202 1271 
354-S2-E131 304 854 2246 1708 
355-S1-A338 408 680 2035 1419 
355-S1-C108 382 754 1997 1943 
355-S1-E179 338 723 2125 1445 
355-S2-B277 313 651 2102 1090 
355-S2-D210 324 634 2153 1207 
355-S2-E366 337 755 2154 1282 
356-S1-A370 409 749 2042 1324 
356-S1-C401 417 750 1969 1316 
356-S1-E262 415 783 2025 1594 
356-S2-B401 369 791 2123 1604 
356-S2-D314 354 683 2196 1257 
356-S2-E275 356 698 2107 1482 
357-S1-A277 313 843 1955 1083 
357-S1-C294 264 847 2170 1548 
357-S1-E154 288 827 2176 1422 
357-S2-B146 332 989 2026 1249 
357-S2-D240 326 979 2011 1257 
357-S2-E192 330 999 2033 947 
358-S1-A415 247 824 2263 876 
358-S1-C349 282 762 2230 816 
358-S1-E141 247 805 2302 936 
358-S2-B105 240 868 2309 1138 
358-S2-D330 269 873 2281 1217 
358-S2-E289 216 870 2333 1257 
359-S1-A373 459 689 1940 762 
359-S1-C432 401 804 1957 1145 
359-S1-E273 477 803 2073 1099 
359-S2-B262 354 616 2196 770 
359-S2-D411 363 698 2187 943 
359-S2-E163 322 789 2227 1484 
360-S1-A387 435 687 1890 958 
360-S1-C373 403 700 2025 851 
360-S1-E345 450 802 1884 1295 
360-S2-B333 422 686 2105 925 
360-S2-D282 473 708 1872 935 
360-S2-E335 473 685 1989 888 
361-S1-A298 323 792 2227 1369 
361-S1-C132 343 681 2164 1134 
361-S1-E390 340 656 2210 1132 
361-S2-B239 284 773 2197 1065 
361-S2-D142 348 768 2056 1012 
361-S2-E360 345 772 2109 1284 
362-S1-A220 326 681 2090 900 
362-S1-C405 318 673 2231 862 
362-S1-E155 355 679 2168 880 
362-S2-B322 388 681 1973 765 
362-S2-D436 433 905 1981 783 
362-S2-E107 431 916 1816 1018 
363-S1-A161 293 778 2257 1285 
363-S1-C125 330 677 2220 1155 
363-S1-E285 342 675 2208 1086 
363-S2-B395 325 679 2142 997 
363-S2-D256 324 667 2158 984 
363-S2-E249 380 718 2003 1575 
364-S1-A326 344 794 1959 1130 
364-S1-C366 344 702 1836 896 
364-S1-E326 348 815 2108 1134 
364-S2-B310 337 705 1989 666 
364-S2-D129 351 695 1953 754 
364-S2-E222 342 812 2208 1010 
365-S1-A194 437 675 1881 1128 
365-S1-C340 426 695 1808 1034 
365-S1-E265 433 808 1813 1350 
365-S2-B167 410 681 1960 917 
365-S2-D409 437 683 1957 1053 
365-S2-E271 452 789 1796 1363 
366-S1-A292 421 812 1983 1011 
366-S1-C355 437 805 1992 911 
366-S1-E208 435 810 1940 902 
366-S2-B219 435 807 1990 891 
366-S2-D250 450 815 1807 906 
366-S2-E216 464 809 1940 1123 
442-S1-D239 338 781 1974 937 
442-S2-A156 352 828 1952 1086 
442-S2-C298 348 765 1964 848 
442-S2-E225 380 791 1872 835 
